以bounding box 標註

1. 疊在通透黑色肺實質的肺炎
2. 疊在通透黑色肺實質的輕微毛玻璃浸潤 (GGO, ground-glass opacity)
3. 疊在白色心臟後方(左下肺葉)肺實質的肺炎

每張圖片可有多種及多處標註


範例
509,1310,1 (疊在通透黑色肺實質的肺炎)
952,1459,1
465,1438,1
962,1619,1
602,1645,1
973,1842,1
470,1853,1
1006,2002,1
476,2013,1
995,2242,1
1794,1113,1
2100,1251,1
1980,1262,1
2264,1448,1
2084,1550,1
2275,1747,1
1947,1853,3 (疊在白色心臟後方(左下肺葉)肺實質的肺炎)
2166,2290,3 (疊在白色心臟後方(左下肺葉)肺實質的肺炎)
2253,1816,1
2384,2221,1

以上面的座標為例 2個一組
(509,1310)、(952,1459)分別為bounding box的對角座標(左下、右上)
 